image_width: 640
image_height: 480
camera_name: RPG_DSEC_Prophesee_Gen3.1M
camera_matrix:
  rows: 3
  cols: 3
  data: [434.1778, 0, 328.6492, 0, 433.8335, 232.6556, 0, 0, 1]
distortion_model: plumb_bob
distortion_coefficients:
  rows: 1
  cols: 4
  data: [0.04334948, -0.06016529, 0, 0]
rectification_matrix:
  rows: 3
  cols: 3
  data: [0.9998832813933003, 0.004103351036722398, -0.01471686449063877, -0.004121981625352883, 0.9999907409590998, -0.001235825048533487, 0.01471165720259442, 0.001296343449768941, 0.9998909373706782]
projection_matrix:
  rows: 3
  cols: 4
  data: [448.4773332253563, 0, 331.2306709289551, 0, 0, 448.4773332253563, 236.0885963439941, 0, 0, 0, 1, 0]
T_right_left:
  rows: 3
  cols: 4
  data: [0.999760252, 0.013379681, -0.017332725, -0.51159033332, -0.013422442, 0.999907146, -0.002353056, 0.00474945463, 0.017299632, 0.002585139, 0.999847008, -0.00132692634]
T_b_c:
  rows: 3
  cols: 4
  data: [1, 0, 0, 0, 0, 1, 0, 0, 0, 0, 1, 0]