image_width: 640
image_height: 480
camera_name: RPG_DSEC_Prophesee_Gen3.1M
camera_matrix:
  rows: 3
  cols: 3
  data: [434.1872, 0, 324.3261, 0, 434.0652, 239.8637, 0, 0, 1]
distortion_model: plumb_bob
distortion_coefficients:
  rows: 1
  cols: 4
  data: [0.05184187, -0.07847694, 0, 0]
rectification_matrix:
  rows: 3
  cols: 3
  data: [0.9999535459183549, -0.009283275482605657, 0.002593607838996671, 0.00927998418159965, 0.9999561231242929, 0.001278170498442819, -0.002605359648438675, -0.001254042482486944, 0.9999958197305399]
projection_matrix:
  rows: 3
  cols: 4
  data: [448.4773332253563, 0, 331.2306709289551, -222.7643952971784, 0, 448.4773332253563, 236.0885963439941, 0, 0, 0, 1, 0]
T_right_left:
  rows: 3
  cols: 4
  data: [0.999760252, 0.013379681, -0.017332725, -0.51159033332, -0.013422442, 0.999907146, -0.002353056, 0.00474945463, 0.017299632, 0.002585139, 0.999847008, -0.00132692634]
T_b_c:
  rows: 3
  cols: 4
  data: [1, 0, 0, 0, 0, 1, 0, 0, 0, 0, 1, 0]