image_width: 640
image_height: 480
camera_name: RPG_DSEC_Prophesee_Gen3.1M
camera_matrix:
  rows: 3
  cols: 3
  data: [422.6183, 0, 326.7147, 0, 422.575, 231.9814, 0, 0, 1]
distortion_model: plumb_bob
distortion_coefficients:
  rows: 1
  cols: 4
  data: [0.04000976, -0.05895489, 0, 0]
rectification_matrix:
  rows: 3
  cols: 3
  data: [0.9997420607778356, 0.003075691061873218, -0.02250226735638845, -0.003118297237261123, 0.9999934109423682, -0.001858573159199178, 0.0224964026907984, 0.001928262518413717, 0.9997450643387211]
projection_matrix:
  rows: 3
  cols: 4
  data: [443.2937499920903, 0, 334.158504486084, 0, 0, 443.2937499920903, 239.9048557281494, 0, 0, 0, 1, 0]
T_right_left:
  rows: 3
  cols: 4
  data: [0.9996268699999999, 0.013476739, -0.023759164, -0.519410817, -0.013563895, 0.999901842, -0.003510948, 0.005405287, 0.023709515, 0.003831905, 0.999711546, -0.000633409]
T_b_c:
  rows: 3
  cols: 4
  data: [1, 0, 0, 0, 0, 1, 0, 0, 0, 0, 1, 0]