image_width: 640
image_height: 480
camera_name: RPG_DSEC_Prophesee_Gen3.1M
camera_matrix:
  rows: 3
  cols: 3
  data: [424.2381, 0, 325.6551, 0, 424.0411, 247.5604, 0, 0, 1]
distortion_model: plumb_bob
distortion_coefficients:
  rows: 1
  cols: 4
  data: [0.05575131, -0.08181416, 0, 0]
rectification_matrix:
  rows: 3
  cols: 3
  data: [0.9999451125693434, -0.0104060026106206, 0.001219409017047227, 0.01040367492339396, 0.999944075382641, 0.001899909272396437, -0.001239111282913046, -0.001887118656245959, 0.999997451689956]
projection_matrix:
  rows: 3
  cols: 4
  data: [443.2937499920903, 0, 334.158504486084, -230.2642074651054, 0, 443.2937499920903, 239.9048557281494, 0, 0, 0, 1, 0]
T_right_left:
  rows: 3
  cols: 4
  data: [0.9996268699999999, 0.013476739, -0.023759164, -0.519410817, -0.013563895, 0.999901842, -0.003510948, 0.005405287, 0.023709515, 0.003831905, 0.999711546, -0.000633409]
T_b_c:
  rows: 3
  cols: 4
  data: [1, 0, 0, 0, 0, 1, 0, 0, 0, 0, 1, 0]