image_width: 640
image_height: 480
camera_name: RPG_DSEC_Prophesee_Gen3.1M
camera_matrix:
  rows: 3
  cols: 3
  data: [432.7812, 0, 328.4005, 0, 432.7748, 232.4376, 0, 0, 1]
distortion_model: plumb_bob
distortion_coefficients:
  rows: 1
  cols: 4
  data: [0.0445071, -0.06356757, 0, 0]
rectification_matrix:
  rows: 3
  cols: 3
  data: [0.9998539461716247, 0.003694298096812298, -0.01668647615890179, -0.003729593459353143, 0.9999908722793747, -0.002084584026459531, 0.01667862277460759, 0.002146513337323832, 0.9998585980141567]
projection_matrix:
  rows: 3
  cols: 4
  data: [450.5047898814922, 0, 332.9536323547363, 0, 0, 450.5047898814922, 238.4309101104736, 0, 0, 0, 1, 0]
T_right_left:
  rows: 3
  cols: 4
  data: [0.999736436, 0.013393934, -0.018645677, -0.5120856507029999, -0.013471273, 0.999901143, -0.004028423, 0.004971649021999999, 0.018589877, 0.004278542, 0.999818039, -0.0009830110739999999]
T_b_c:
  rows: 3
  cols: 4
  data: [1, 0, 0, 0, 0, 1, 0, 0, 0, 0, 1, 0]