image_width: 640
image_height: 480
camera_name: RPG_DSEC_Prophesee_Gen3.1M
camera_matrix:
  rows: 3
  cols: 3
  data: [434.0541, 0, 325.9281, 0, 434.0786, 244.4503, 0, 0, 1]
distortion_model: plumb_bob
distortion_coefficients:
  rows: 1
  cols: 4
  data: [0.05821453, -0.08425602, 0, 0]
rectification_matrix:
  rows: 3
  cols: 3
  data: [0.999951032394347, -0.009708152465168582, 0.001919528377636773, 0.009704069684654541, 0.9999506565588225, 0.002124965678543425, -0.00194006315229174, -0.00210623438692375, 0.9999958999574311]
projection_matrix:
  rows: 3
  cols: 4
  data: [450.5047898814922, 0, 332.9536323547363, -230.7083357060859, 0, 450.5047898814922, 238.4309101104736, 0, 0, 0, 1, 0]
T_right_left:
  rows: 3
  cols: 4
  data: [0.999736436, 0.013393934, -0.018645677, -0.5120856507029999, -0.013471273, 0.999901143, -0.004028423, 0.004971649021999999, 0.018589877, 0.004278542, 0.999818039, -0.0009830110739999999]
T_b_c:
  rows: 3
  cols: 4
  data: [1, 0, 0, 0, 0, 1, 0, 0, 0, 0, 1, 0]