image_width: 1280
image_height: 720
camera_name: RPG_DSEC_Prophesee_Gen3.1M
camera_matrix:
  rows: 3
  cols: 3
  data: [1051.317, 0, 636.1348, 0, 1051.795, 265.7059, 0, 0, 1]
distortion_model: equidistant
distortion_coefficients:
  rows: 1
  cols: 4
  data: [-0.131047, 0.07279845, -0.211093, 0.1849343]
rectification_matrix:
  rows: 3
  cols: 3
  data: [0.9996801027846643, -0.01425548616909317, -0.02089194128188449, 0.01403938405407294, 0.9998467906279263, -0.01045423198604381, 0.02103777060016484, 0.01015757771905148, 0.9997270806690477]
projection_matrix:
  rows: 3
  cols: 4
  data: [978.82227434271, 0, 662.7080004688397, 0, 0, 978.82227434271, 251.0649540442805, 0, 0, 0, 1, 0]
T_right_left:
  rows: 3
  cols: 4
  data: [0.9999139238730244, 0.00275304520871895, -0.0128283119283708, -0.1187973925652208, -0.003015363491210488, 0.9997858361647609, -0.02047411505649691, 0.002000794259366445, 0.01276919840352954, 0.02051103474741225, 0.9997080799041906, 0.0009996342780319578]
T_b_c:
  rows: 3
  cols: 4
  data: [-0.0160003, -0.999846, -0.00716287, -0.0351382, -0.9998, 0.0159127, 0.0121157, 0.0594199, -0.0119998, 0.00735529, -0.999901, -0.0325031]