image_width: 1280
image_height: 720
camera_name: RPG_DSEC_Prophesee_Gen3.1M
camera_matrix:
  rows: 3
  cols: 3
  data: [1049.048, 0, 652.4781, 0, 1049.574, 262.0072, 0, 0, 1]
distortion_model: equidistant
distortion_coefficients:
  rows: 1
  cols: 4
  data: [-0.1216066, 0.01165121, -0.04866892, 0.03971039]
rectification_matrix:
  rows: 3
  cols: 3
  data: [0.9998228165348589, -0.01683908803476893, -0.00841312370402582, 0.01692490916354675, 0.9998043669069874, 0.01023598375945926, 0.008239113186965713, -0.01037656146685995, 0.9999122181401812]
projection_matrix:
  rows: 3
  cols: 4
  data: [978.82227434271, 0, 669.4652931589101, -116.3021407929822, 0, 978.82227434271, 251.0649540442805, 0, 0, 0, 1, 0]
T_right_left:
  rows: 3
  cols: 4
  data: [0.9999139238730244, 0.00275304520871895, -0.0128283119283708, -0.1187973925652208, -0.003015363491210488, 0.9997858361647609, -0.02047411505649691, 0.002000794259366445, 0.01276919840352954, 0.02051103474741225, 0.9997080799041905, 0.0009996342780319578]
T_b_c:
  rows: 3
  cols: 4
  data: [-0.0160003, -0.999846, -0.00716287, -0.0351382, -0.9998, 0.0159127, 0.0121157, 0.0594199, -0.0119998, 0.00735529, -0.999901, -0.0325031]