image_width: 640
image_height: 480
camera_name: RPG_DSEC_Prophesee_Gen3.1M
camera_matrix: 
  rows: 3
  cols: 3
  data: [552.182, 0, 336.874,
         0, 551.445, 226.326,
         0, 0, 1]
distortion_model: plumb_bob
distortion_coefficients:
  rows: 1
  cols: 4
  data: [-0.0949368, 0.202115, 0.000582129, 0.00145529]
rectification_matrix:
  rows: 3
  cols: 3
  data: [0.999963, 0.00818053, -0.00267849,
         -0.0081745, 0.999964, 0.00225394,
         0.00269683, -0.00223196, 0.999994]
projection_matrix:
  rows: 3
  cols: 4
  data: [536.0578704071853, 0, 336.2674980163574, -321.1164388243399,
         0, 536.0578704071853, 222.2888011932373, 0,
         0, 0, 1, 0]
T_right_left:
  rows: 3
  cols: 4
  data: [0.999759349174819, -0.01136184588494952, 0.01876571862791739,
         0.01144476919322272, 0.9999251858525768, -0.004317401509758799,
         -0.01871526103610019, 0.004531131841964332, 0.9998145867352477]
T_b_c: 
  rows: 3
  cols: 4
  data: [-1, 0, 0, 0,
         0, -1, 0, 0,
         0, 0, 1, 0]
