image_width: 1280
image_height: 720
camera_name: RPG_DSEC_Prophesee_Gen3.1M
camera_matrix:
  rows: 3
  cols: 3
  data: [1049.583, 0, 634.7184, 0, 1049.423, 263.4698, 0, 0, 1]
distortion_model: equidistant
distortion_coefficients:
  rows: 1
  cols: 4
  data: [-0.1151966, -0.06222183, 0.2168261, -0.2352862]
rectification_matrix:
  rows: 3
  cols: 3
  data: [0.999754826676689, -0.01266626048306591, -0.01816183861944204, 0.01247096879510851, 0.9998636259452682, -0.01082610035478137, 0.01829648802297759, 0.01059695036109404, 0.9997764465964727]
projection_matrix:
  rows: 3
  cols: 4
  data: [974.8248485687409, 0, 657.1452947326158, 0, 0, 974.8248485687409, 249.0317449660879, 0, 0, 0, 1, 0]
T_right_left:
  rows: 3
  cols: 4
  data: [0.9999139238730244, 0.00275304520871895, -0.0128283119283708, -0.1187973925652208, -0.003015363491210488, 0.9997858361647609, -0.02047411505649691, 0.002000794259366445, 0.01276919840352954, 0.02051103474741225, 0.9997080799041905, 0.0009996342780319578]
T_b_c:
  rows: 3
  cols: 4
  data: [-0.0156758, -0.999861, -0.00567473, -0.0348034, -0.999798, 0.0156027, 0.0127008, 0.0597177, -0.0126105, 0.00587268, -0.999903, -0.0369473]