image_width: 1280
image_height: 720
camera_name: RPG_DSEC_Prophesee_Gen3.1M
camera_matrix:
  rows: 3
  cols: 3
  data: [1047.668, 0, 652.9083, 0, 1047.523, 260.541, 0, 0, 1]
distortion_model: equidistant
distortion_coefficients:
  rows: 1
  cols: 4
  data: [-0.1246107, 0.006075037, 0.03566192, -0.08888043]
rectification_matrix:
  rows: 3
  cols: 3
  data: [0.9998695874466074, -0.01531690352425632, -0.005118648823660143, 0.01537085831336992, 0.9998248945376152, 0.0106731896617947, 0.004954272303945287, -0.01075047576970244, 0.999929938774044]
projection_matrix:
  rows: 3
  cols: 4
  data: [974.8248485687409, 0, 665.7830960074431, -115.4845433975721, 0, 974.8248485687409, 249.0317449660879, 0, 0, 0, 1, 0]
T_right_left:
  rows: 3
  cols: 4
  data: [0.9999067813752269, 0.002756653661083337, -0.0133727117828264, -0.1184515176576849, -0.003041059118927757, 0.999768629994468, -0.02129409397977534, 0.001814547107986286, 0.01331091729629842, 0.02133277618073071, 0.9996838160844428, 0.0006063908024923279]
T_b_c:
  rows: 3
  cols: 4
  data: [-0.0156758,   -0.999861, -0.00567473,  -0.0348034,
   -0.999798,   0.0156027,   0.0127008,   0.0597177,
   -0.0126105,  0.00587268,   -0.999903, -0.0369473]