image_width: 640
image_height: 480
camera_name: RPG_DSEC_Prophesee_Gen3.1M
camera_matrix: 
  rows: 3
  cols: 3
  data: [327.32749, 0, 304.97749,
         0, 327.46184, 235.37621,
         0, 0, 1]
distortion_model: plumb_bob
distortion_coefficients:
  rows: 1
  cols: 4
  data: [-0.031982, 0.041966, -0.000507, -0.001031, 0.000000]
rectification_matrix:
  rows: 3
  cols: 3
  data: [1.0,  0.0,  0.0,
         0.0,  1.0,  0.0,
         0.0,  0.0,  1.0]
projection_matrix:
  rows: 3
  cols: 4
  data: [257.7465659912339, 0, 317.5881580988773, 0,
         0, 257.7465659912339, 237.3116097643339, 0,
         0, 0, 1, 0]
T_right_left:
  rows: 3
  cols: 4
  data: [1.000000,  0.000000,  0.000000, -0.170000,
        0.000000,  1.000000,  0.000000,  0.000000,
        0.000000,  0.000000,  1.000000,  0.000000]
T_b_c: 
  rows: 3
  cols: 4
  data: [0.000000,  0.000000,  1.000000,  0.103080,
        -1.000000,  0.000000,  0.000000,  0.082500,
        0.000000, -1.000000,  0.000000,  0.025000]