image_width: 640
image_height: 480
camera_name: RPG_DSEC_Prophesee_Gen3.1M
camera_matrix: 
  rows: 3
  cols: 3
  data: [327.48497,     0.0,  318.53477,
         0.0,     327.55395,  230.96356,
         0.0,           0.0,        1.0]
distortion_model: plumb_bob
distortion_coefficients:
  rows: 1
  cols: 4
  data: [-0.026300, 0.037995, -0.000513, 0.000167, 0.000000]
rectification_matrix:
  rows: 3
  cols: 3
  data: [1.0,  0.0,  0.0,
         0.0,  1.0,  0.0,
         0.0,  0.0,  1.0]
projection_matrix:
  rows: 3
  cols: 4
  data: [257.7465659912339, 0, 317.5881580988773, -43.81691621850976,
         0, 257.7465659912339, 237.3116097643339, 0,
         0, 0, 1, 0]
T_right_left:
  rows: 3
  cols: 4
  data: [1.000000,  0.000000,  0.000000, -0.170000,
        0.000000,  1.000000,  0.000000,  0.000000,
        0.000000,  0.000000,  1.000000,  0.000000]
T_b_c: 
  rows: 3
  cols: 4
  data: [0.000000,  0.000000,  1.000000,  0.103080,
        -1.000000,  0.000000,  0.000000,  0.082500,
        0.000000, -1.000000,  0.000000,  0.025000]
