image_width: 640
image_height: 480
camera_name: RPG_DSEC_Prophesee_Gen3.1M
camera_matrix: 
  rows: 3
  cols: 3
  data: [434.9484516, 0, 318.4569369,
0, 434.8979906, 236.3369857,
0, 0, 1]
distortion_model: plumb_bob
distortion_coefficients:
  rows: 1
  cols: 4
  data: [0.053739769, -0.08123554, 0, 0]
rectification_matrix:
  rows: 3
  cols: 3
  data: [0.9999105105358901, 0.002873549036556365, -0.01306574283345767,
 -0.002915109492186892, 0.9999907489291623, -0.003162940521385146,
 0.01305653309665725, 0.003200745542489167, 0.9999096370029985]
projection_matrix: #use 0 to calib
  rows: 3
  cols: 4
  data: [449.2300511093084, 0, 325.7455711364746, 0,
 0, 449.2300511093084, 242.9759902954102, 0,
 0, 0, 1, 0]
T_right_left:
  rows: 3
  cols: 4
  data: [0.999735249, 0.012800124, -0.019120367, -0.4942509919,
-0.012920476, 0.999897403, -0.006184228, 0.004925674698,
0.019039246, 0.006429635, 0.999798063, -0.002962203921]
T_b_c: 
  rows: 3
  cols: 4
  data: [1, 0, 0, 0,
0, 1, 0, 0,
0, 0, 1, 0]