image_width: 640
image_height: 480
camera_name: RPG_DSEC_Prophesee_Gen3.1M
camera_matrix: 
  rows: 3
  cols: 3
  data: [433.6833886, 0, 327.6565328,
0, 433.6727372, 249.1875723,
0, 0, 1]
distortion_model: plumb_bob
distortion_coefficients:
  rows: 1
  cols: 4
  data: [0.043339754, -0.065281539, 0, 0]
rectification_matrix:
  rows: 3
  cols: 3
  data: [0.999932386961623, -0.009965264084205682, 0.005992913895851983,
 0.00994614437504703, 0.9999453778738928, 0.003211772206806913,
 -0.006024592708372559, -0.003151948662294061, 0.9999768844840007]
projection_matrix: #use 0 to calib
  rows: 3
  cols: 4
  data: [449.2300511093084, 0, 325.7455711364746, -246.4474116522289,
 0, 449.2300511093084, 242.9759902954102, 0,
 0, 0, 1, 0]
T_right_left:
  rows: 3
  cols: 4
  data: [0.999735249, 0.012800124, -0.019120367, -0.4942509919,
-0.012920476, 0.999897403, -0.006184228, 0.004925674698,
0.019039246, 0.006429635, 0.999798063, -0.002962203921]
T_b_c: 
  rows: 3
  cols: 4
  data: [1, 0, 0, 0,
0, 1, 0, 0,
0, 0, 1, 0]
